1528758800
1528782340
1528790340
1528803360
1528804960
1528806483
1528808883

1529029980
1529042280
1529049480
1529054100
1529060100
1529079810
1529080820

1529300470
1529323900
1529330400
1529340840
1529344440
1529345890
1529365690
1529391870
1529396370

1529640735
1529656864
1529665264
1529671765
1529674765
1529678700
1529684335
1529685720
1529692372
1529703832
1529730000

1529984650
1529999195
1530007595
1530014220
1530017220
1530033390
1530037790
1530038670
1530040170
1530050710
1530052360
1530053490

1530417720
1530428940
1530437340
1530439270
1530449163
1530457150
1530467100
1530484500
